<<<<<<< HEAD
195;
=======
133;
>>>>>>> 61289a79936f290d83a6024dba132bb431c65acb
1, 1;
2;
3;
3;
3;
3;
3;
3;
3;
3;
3;
0;
3;
3;
3;
3;
3;
0;
0;
0;
0;
0;
0;
<<<<<<< HEAD
1;
=======
0;
0;
0;
1;
0;
0;
0;
>>>>>>> 61289a79936f290d83a6024dba132bb431c65acb
1;
1;
0;
0;
0;
<<<<<<< HEAD
3;
3;
3;
=======
>>>>>>> 61289a79936f290d83a6024dba132bb431c65acb
0;
0;
0;
3;
3;
3;
3;
2;
2;
2;
3;
3;
3;
3;
<<<<<<< HEAD
2;
2;
2;
3;
3;
3;
3;
3;
3;
3;
3;
3;
2;
2;
2;
3;
3;
3;
0;
0;
0;
3;
3;
3;
3;
0;
=======
>>>>>>> 61289a79936f290d83a6024dba132bb431c65acb
0;
0;
0;
0;
0;
0;
0;
0;
0;
0;
0;
0;
3;
3;
3;
3;
3;
3;
3;
2;
2;
2;
2;
2;
2;
2;
2;
2;
2;
3;
3;
3;
0;
0;
0;
3;
3;
3;
3;
3;
3;
3;
3;
3;
0;
0;
0;
0;
0;
0;
0;
0;
0;
0;
0;
0;
0;
0;
1;
1;
1;
0;
0;
0;
0;
0;
0;
0;
0;
1;
1;
1;
1;
1;
1;
1;
1;
1;
1;
1;
1;
1;
1;
2;
2;
2;
2;
2;
